Before Transposing:
  81  74  63  90
  75  99  95  72
  92  68  70  79
  83  78  95  75
After Transposing:
  81  75  92  83
  74  99  68  78
  63  95  70  95
  90  72  79  75

